positive\pos_1.png 1 79 390 80 73
positive\pos_10.png 1 345 313 57 57
positive\pos_11.png 3 242 394 58 72 400 461 61 74 633 26 54 51
positive\pos_12.png 3 117 530 64 67 251 585 65 73 760 129 54 61
positive\pos_13.png 5 471 214 65 71 783 233 61 57 779 336 59 66 753 430 63 67 528 530 63 67
positive\pos_14.png 3 214 401 66 71 216 215 62 66 793 351 66 74
positive\pos_15.png 5 643 192 49 69 725 266 62 69 661 323 59 61 671 487 65 86 822 586 63 70
positive\pos_2.png 1 543 344 68 69
positive\pos_3.png 2 235 393 69 71 487 182 74 77
positive\pos_4.png 5 306 274 69 69 101 404 79 74 194 515 67 80 619 391 69 65 525 627 73 41
positive\pos_5.png 2 271 189 72 67 919 319 62 71
positive\pos_6.png 2 251 206 64 66 584 95 71 67
positive\pos_7.png 5 139 253 63 72 590 100 65 71 134 488 69 80 628 496 72 84 696 584 68 67
positive\pos_8.png 5 207 333 67 84 10 403 70 74 375 40 59 63 425 187 60 67 510 602 65 64
positive\pos_9.png 1 670 339 81 69
